"Susceptible","Infected"
1000.0,0.0
1000.0,0.0
995.0,5.0
975.0,25.0
898.0,102.0
731.0,269.0
539.0,461.0
367.0,633.0
263.0,737.0
179.0,821.0
121.0,879.0
78.0,922.0
56.0,944.0
35.0,965.0
21.0,979.0
14.0,986.0
9.0,991.0
8.0,992.0
7.0,993.0
5.0,995.0
1.0,999.0
1.0,999.0
0.0,1000.0
0.0,1000.0
0.0,1000.0
0.0,1000.0
0.0,1000.0
0.0,1000.0
0.0,1000.0
0.0,1000.0
0.0,1000.0
0.0,1000.0
0.0,1000.0
0.0,1000.0
0.0,1000.0
0.0,1000.0
0.0,1000.0
0.0,1000.0
0.0,1000.0
0.0,1000.0
0.0,1000.0
0.0,1000.0
0.0,1000.0
0.0,1000.0
0.0,1000.0
0.0,1000.0
0.0,1000.0
0.0,1000.0
0.0,1000.0
0.0,1000.0
0.0,1000.0
0.0,1000.0
0.0,1000.0
0.0,1000.0
0.0,1000.0
0.0,1000.0
0.0,1000.0
0.0,1000.0
0.0,1000.0
0.0,1000.0
0.0,1000.0
0.0,1000.0
0.0,1000.0
0.0,1000.0
0.0,1000.0
0.0,1000.0
0.0,1000.0
0.0,1000.0
0.0,1000.0
0.0,1000.0
0.0,1000.0
0.0,1000.0
0.0,1000.0
0.0,1000.0
0.0,1000.0
0.0,1000.0
0.0,1000.0
0.0,1000.0
0.0,1000.0
0.0,1000.0
0.0,1000.0
0.0,1000.0
0.0,1000.0
0.0,1000.0
0.0,1000.0
0.0,1000.0
0.0,1000.0
0.0,1000.0
0.0,1000.0
0.0,1000.0
0.0,1000.0
0.0,1000.0
0.0,1000.0
0.0,1000.0
0.0,1000.0
0.0,1000.0
0.0,1000.0
0.0,1000.0
0.0,1000.0
0.0,1000.0
0.0,1000.0
0.0,1000.0
0.0,1000.0
0.0,1000.0
0.0,1000.0
0.0,1000.0
0.0,1000.0
0.0,1000.0
0.0,1000.0
0.0,1000.0
0.0,1000.0
0.0,1000.0
0.0,1000.0
0.0,1000.0
0.0,1000.0
0.0,1000.0
0.0,1000.0
0.0,1000.0
0.0,1000.0
0.0,1000.0
0.0,1000.0
0.0,1000.0
0.0,1000.0
0.0,1000.0
0.0,1000.0
0.0,1000.0
0.0,1000.0
0.0,1000.0
0.0,1000.0
0.0,1000.0
0.0,1000.0
0.0,1000.0
0.0,1000.0
0.0,1000.0
0.0,1000.0
0.0,1000.0
0.0,1000.0
0.0,1000.0
0.0,1000.0
0.0,1000.0
0.0,1000.0
0.0,1000.0
0.0,1000.0
0.0,1000.0
0.0,1000.0
0.0,1000.0
0.0,1000.0
0.0,1000.0
0.0,1000.0
0.0,1000.0
0.0,1000.0
0.0,1000.0
0.0,1000.0
0.0,1000.0
0.0,1000.0
0.0,1000.0
0.0,1000.0
0.0,1000.0
0.0,1000.0
0.0,1000.0
0.0,1000.0
0.0,1000.0
0.0,1000.0
0.0,1000.0
0.0,1000.0
0.0,1000.0
0.0,1000.0
0.0,1000.0
0.0,1000.0
0.0,1000.0
0.0,1000.0
0.0,1000.0
0.0,1000.0
0.0,1000.0
0.0,1000.0
0.0,1000.0
0.0,1000.0
0.0,1000.0
0.0,1000.0
0.0,1000.0
0.0,1000.0
0.0,1000.0
0.0,1000.0
0.0,1000.0
0.0,1000.0
0.0,1000.0
0.0,1000.0
0.0,1000.0
0.0,1000.0
0.0,1000.0
0.0,1000.0
0.0,1000.0
0.0,1000.0
0.0,1000.0
0.0,1000.0
0.0,1000.0
0.0,1000.0
0.0,1000.0
0.0,1000.0
0.0,1000.0
0.0,1000.0
0.0,1000.0
0.0,1000.0
0.0,1000.0
0.0,1000.0
0.0,1000.0
0.0,1000.0
0.0,1000.0
0.0,1000.0
0.0,1000.0
0.0,1000.0
0.0,1000.0
0.0,1000.0
0.0,1000.0
0.0,1000.0
0.0,1000.0
0.0,1000.0
0.0,1000.0
0.0,1000.0
0.0,1000.0
0.0,1000.0
0.0,1000.0
0.0,1000.0
0.0,1000.0
0.0,1000.0
0.0,1000.0
0.0,1000.0
0.0,1000.0
0.0,1000.0
0.0,1000.0
0.0,1000.0
0.0,1000.0
0.0,1000.0
0.0,1000.0
0.0,1000.0
0.0,1000.0
0.0,1000.0
0.0,1000.0
0.0,1000.0
0.0,1000.0
0.0,1000.0
0.0,1000.0
0.0,1000.0
0.0,1000.0
0.0,1000.0
0.0,1000.0
0.0,1000.0
0.0,1000.0
0.0,1000.0
0.0,1000.0
0.0,1000.0
0.0,1000.0
0.0,1000.0
0.0,1000.0
0.0,1000.0
0.0,1000.0
0.0,1000.0
0.0,1000.0
0.0,1000.0
0.0,1000.0
0.0,1000.0
0.0,1000.0
0.0,1000.0
0.0,1000.0
0.0,1000.0
0.0,1000.0
0.0,1000.0
0.0,1000.0
0.0,1000.0
0.0,1000.0
0.0,1000.0
0.0,1000.0
0.0,1000.0
0.0,1000.0
0.0,1000.0
0.0,1000.0
0.0,1000.0
0.0,1000.0
0.0,1000.0
0.0,1000.0
0.0,1000.0
0.0,1000.0
0.0,1000.0
0.0,1000.0
0.0,1000.0
0.0,1000.0
0.0,1000.0
0.0,1000.0
0.0,1000.0
0.0,1000.0
0.0,1000.0
0.0,1000.0
0.0,1000.0
0.0,1000.0
0.0,1000.0
0.0,1000.0
0.0,1000.0
0.0,1000.0
0.0,1000.0
0.0,1000.0
0.0,1000.0
0.0,1000.0
0.0,1000.0
0.0,1000.0
0.0,1000.0
0.0,1000.0
0.0,1000.0
0.0,1000.0
0.0,1000.0
0.0,1000.0
0.0,1000.0
0.0,1000.0
0.0,1000.0
0.0,1000.0
0.0,1000.0
0.0,1000.0
0.0,1000.0
0.0,1000.0
0.0,1000.0
0.0,1000.0
0.0,1000.0
0.0,1000.0
0.0,1000.0
0.0,1000.0
0.0,1000.0
0.0,1000.0
0.0,1000.0
0.0,1000.0
0.0,1000.0
0.0,1000.0
0.0,1000.0
0.0,1000.0
0.0,1000.0
0.0,1000.0
0.0,1000.0
0.0,1000.0
0.0,1000.0
0.0,1000.0
0.0,1000.0
0.0,1000.0
0.0,1000.0
0.0,1000.0
0.0,1000.0
0.0,1000.0
0.0,1000.0
0.0,1000.0
0.0,1000.0
0.0,1000.0
0.0,1000.0
0.0,1000.0
0.0,1000.0
0.0,1000.0
0.0,1000.0
0.0,1000.0
0.0,1000.0
0.0,1000.0
0.0,1000.0
0.0,1000.0
0.0,1000.0
0.0,1000.0
0.0,1000.0
0.0,1000.0
0.0,1000.0
0.0,1000.0
0.0,1000.0
0.0,1000.0
0.0,1000.0
0.0,1000.0
0.0,1000.0
0.0,1000.0
0.0,1000.0
0.0,1000.0
0.0,1000.0
0.0,1000.0
0.0,1000.0
0.0,1000.0
0.0,1000.0
0.0,1000.0
0.0,1000.0
0.0,1000.0
0.0,1000.0
0.0,1000.0
0.0,1000.0
0.0,1000.0
0.0,1000.0
0.0,1000.0
0.0,1000.0
0.0,1000.0
0.0,1000.0
0.0,1000.0
0.0,1000.0
0.0,1000.0
0.0,1000.0
0.0,1000.0
0.0,1000.0
0.0,1000.0
0.0,1000.0
0.0,1000.0
0.0,1000.0
0.0,1000.0
0.0,1000.0
0.0,1000.0
0.0,1000.0
0.0,1000.0
0.0,1000.0
0.0,1000.0
0.0,1000.0
0.0,1000.0
0.0,1000.0
0.0,1000.0
0.0,1000.0
0.0,1000.0
0.0,1000.0
0.0,1000.0
0.0,1000.0
0.0,1000.0
0.0,1000.0
0.0,1000.0
0.0,1000.0
0.0,1000.0
0.0,1000.0
0.0,1000.0
0.0,1000.0
0.0,1000.0
0.0,1000.0
0.0,1000.0
0.0,1000.0
0.0,1000.0
0.0,1000.0
0.0,1000.0
0.0,1000.0
0.0,1000.0
0.0,1000.0
0.0,1000.0
0.0,1000.0
0.0,1000.0
0.0,1000.0
0.0,1000.0
0.0,1000.0
0.0,1000.0
0.0,1000.0
0.0,1000.0
0.0,1000.0
0.0,1000.0
0.0,1000.0
0.0,1000.0
0.0,1000.0
0.0,1000.0
0.0,1000.0
0.0,1000.0
0.0,1000.0
0.0,1000.0
0.0,1000.0
0.0,1000.0
0.0,1000.0
0.0,1000.0
0.0,1000.0
0.0,1000.0
0.0,1000.0
0.0,1000.0
0.0,1000.0
0.0,1000.0
0.0,1000.0
0.0,1000.0
0.0,1000.0
0.0,1000.0
0.0,1000.0
0.0,1000.0
0.0,1000.0
0.0,1000.0
0.0,1000.0
0.0,1000.0
0.0,1000.0
0.0,1000.0
0.0,1000.0
0.0,1000.0
0.0,1000.0
0.0,1000.0
0.0,1000.0
0.0,1000.0
0.0,1000.0
0.0,1000.0
0.0,1000.0
0.0,1000.0
0.0,1000.0
0.0,1000.0
0.0,1000.0
0.0,1000.0
0.0,1000.0
0.0,1000.0
0.0,1000.0
0.0,1000.0
0.0,1000.0
0.0,1000.0
0.0,1000.0
0.0,1000.0
0.0,1000.0
0.0,1000.0
0.0,1000.0
0.0,1000.0
0.0,1000.0
0.0,1000.0
0.0,1000.0
0.0,1000.0
0.0,1000.0
0.0,1000.0
0.0,1000.0
0.0,1000.0
0.0,1000.0
0.0,1000.0
0.0,1000.0
0.0,1000.0
0.0,1000.0
0.0,1000.0
0.0,1000.0
0.0,1000.0
0.0,1000.0
0.0,1000.0
0.0,1000.0
0.0,1000.0
0.0,1000.0
0.0,1000.0
0.0,1000.0
0.0,1000.0
0.0,1000.0
0.0,1000.0
0.0,1000.0
0.0,1000.0
0.0,1000.0
0.0,1000.0
0.0,1000.0
0.0,1000.0
0.0,1000.0
0.0,1000.0
0.0,1000.0
0.0,1000.0
0.0,1000.0
0.0,1000.0
0.0,1000.0
0.0,1000.0
0.0,1000.0
0.0,1000.0
0.0,1000.0
0.0,1000.0
0.0,1000.0
0.0,1000.0
0.0,1000.0
0.0,1000.0
0.0,1000.0
0.0,1000.0
0.0,1000.0
0.0,1000.0
0.0,1000.0
0.0,1000.0
0.0,1000.0
0.0,1000.0
0.0,1000.0
0.0,1000.0
0.0,1000.0
0.0,1000.0
0.0,1000.0
0.0,1000.0
0.0,1000.0
0.0,1000.0
0.0,1000.0
0.0,1000.0
0.0,1000.0
0.0,1000.0
0.0,1000.0
0.0,1000.0
0.0,1000.0
0.0,1000.0
0.0,1000.0
0.0,1000.0
0.0,1000.0
0.0,1000.0
0.0,1000.0
0.0,1000.0
0.0,1000.0
0.0,1000.0
0.0,1000.0
0.0,1000.0
0.0,1000.0
0.0,1000.0
0.0,1000.0
0.0,1000.0
0.0,1000.0
0.0,1000.0
0.0,1000.0
0.0,1000.0
0.0,1000.0
0.0,1000.0
0.0,1000.0
0.0,1000.0
0.0,1000.0
0.0,1000.0
0.0,1000.0
0.0,1000.0
0.0,1000.0
0.0,1000.0
0.0,1000.0
0.0,1000.0
0.0,1000.0
0.0,1000.0
0.0,1000.0
0.0,1000.0
0.0,1000.0
0.0,1000.0
0.0,1000.0
0.0,1000.0
0.0,1000.0
0.0,1000.0
0.0,1000.0
0.0,1000.0
0.0,1000.0
0.0,1000.0
0.0,1000.0
0.0,1000.0
0.0,1000.0
0.0,1000.0
0.0,1000.0
0.0,1000.0
0.0,1000.0
0.0,1000.0
0.0,1000.0
0.0,1000.0
0.0,1000.0
0.0,1000.0
0.0,1000.0
0.0,1000.0
0.0,1000.0
0.0,1000.0
0.0,1000.0
0.0,1000.0
0.0,1000.0
0.0,1000.0
0.0,1000.0
0.0,1000.0
0.0,1000.0
0.0,1000.0
0.0,1000.0
0.0,1000.0
0.0,1000.0
0.0,1000.0
0.0,1000.0
0.0,1000.0
0.0,1000.0
0.0,1000.0
0.0,1000.0
0.0,1000.0
0.0,1000.0
0.0,1000.0
0.0,1000.0
0.0,1000.0
0.0,1000.0
0.0,1000.0
0.0,1000.0
0.0,1000.0
0.0,1000.0
0.0,1000.0
0.0,1000.0
0.0,1000.0
0.0,1000.0
0.0,1000.0
0.0,1000.0
0.0,1000.0
0.0,1000.0
0.0,1000.0
0.0,1000.0
0.0,1000.0
0.0,1000.0
0.0,1000.0
