"Susceptible","Infected"
1000.0,0.0
1000.0,0.0
902.0,98.0
897.0,103.0
897.0,103.0
897.0,103.0
897.0,103.0
881.0,119.0
854.0,146.0
854.0,146.0
854.0,146.0
848.0,152.0
846.0,154.0
845.0,155.0
840.0,160.0
838.0,162.0
831.0,169.0
821.0,179.0
815.0,185.0
810.0,190.0
805.0,195.0
805.0,195.0
805.0,195.0
799.0,201.0
798.0,202.0
796.0,204.0
784.0,216.0
776.0,224.0
776.0,224.0
764.0,236.0
752.0,248.0
752.0,248.0
752.0,248.0
749.0,251.0
749.0,251.0
749.0,251.0
746.0,254.0
730.0,270.0
704.0,296.0
700.0,300.0
699.0,301.0
685.0,315.0
670.0,330.0
668.0,332.0
668.0,332.0
663.0,337.0
663.0,337.0
663.0,337.0
660.0,340.0
648.0,352.0
646.0,354.0
641.0,359.0
624.0,376.0
615.0,385.0
611.0,389.0
610.0,390.0
610.0,390.0
610.0,390.0
610.0,390.0
610.0,390.0
610.0,390.0
610.0,390.0
605.0,395.0
598.0,402.0
598.0,402.0
593.0,407.0
589.0,411.0
588.0,412.0
582.0,418.0
575.0,425.0
572.0,428.0
572.0,428.0
572.0,428.0
572.0,428.0
572.0,428.0
572.0,428.0
572.0,428.0
572.0,428.0
572.0,428.0
570.0,430.0
567.0,433.0
556.0,444.0
553.0,447.0
553.0,447.0
549.0,451.0
544.0,456.0
544.0,456.0
544.0,456.0
544.0,456.0
544.0,456.0
544.0,456.0
538.0,462.0
533.0,467.0
529.0,471.0
520.0,480.0
520.0,480.0
520.0,480.0
520.0,480.0
520.0,480.0
520.0,480.0
516.0,484.0
516.0,484.0
516.0,484.0
516.0,484.0
516.0,484.0
516.0,484.0
511.0,489.0
511.0,489.0
508.0,492.0
507.0,493.0
507.0,493.0
507.0,493.0
507.0,493.0
507.0,493.0
507.0,493.0
507.0,493.0
507.0,493.0
505.0,495.0
505.0,495.0
505.0,495.0
505.0,495.0
505.0,495.0
505.0,495.0
504.0,496.0
501.0,499.0
501.0,499.0
501.0,499.0
499.0,501.0
499.0,501.0
499.0,501.0
499.0,501.0
499.0,501.0
496.0,504.0
484.0,516.0
483.0,517.0
479.0,521.0
479.0,521.0
479.0,521.0
479.0,521.0
479.0,521.0
475.0,525.0
473.0,527.0
473.0,527.0
473.0,527.0
473.0,527.0
473.0,527.0
469.0,531.0
466.0,534.0
464.0,536.0
464.0,536.0
462.0,538.0
462.0,538.0
458.0,542.0
453.0,547.0
447.0,553.0
445.0,555.0
438.0,562.0
438.0,562.0
432.0,568.0
432.0,568.0
432.0,568.0
432.0,568.0
432.0,568.0
432.0,568.0
432.0,568.0
432.0,568.0
432.0,568.0
432.0,568.0
432.0,568.0
430.0,570.0
428.0,572.0
428.0,572.0
427.0,573.0
426.0,574.0
426.0,574.0
426.0,574.0
426.0,574.0
426.0,574.0
426.0,574.0
426.0,574.0
426.0,574.0
426.0,574.0
426.0,574.0
426.0,574.0
426.0,574.0
426.0,574.0
426.0,574.0
426.0,574.0
426.0,574.0
426.0,574.0
426.0,574.0
426.0,574.0
423.0,577.0
418.0,582.0
418.0,582.0
418.0,582.0
418.0,582.0
410.0,590.0
409.0,591.0
409.0,591.0
409.0,591.0
409.0,591.0
409.0,591.0
409.0,591.0
409.0,591.0
407.0,593.0
405.0,595.0
405.0,595.0
405.0,595.0
405.0,595.0
405.0,595.0
405.0,595.0
405.0,595.0
405.0,595.0
405.0,595.0
404.0,596.0
404.0,596.0
401.0,599.0
401.0,599.0
401.0,599.0
401.0,599.0
401.0,599.0
401.0,599.0
401.0,599.0
401.0,599.0
401.0,599.0
401.0,599.0
401.0,599.0
400.0,600.0
400.0,600.0
400.0,600.0
400.0,600.0
398.0,602.0
397.0,603.0
394.0,606.0
393.0,607.0
393.0,607.0
393.0,607.0
391.0,609.0
391.0,609.0
391.0,609.0
391.0,609.0
391.0,609.0
391.0,609.0
391.0,609.0
391.0,609.0
391.0,609.0
391.0,609.0
391.0,609.0
391.0,609.0
390.0,610.0
388.0,612.0
388.0,612.0
388.0,612.0
388.0,612.0
388.0,612.0
388.0,612.0
388.0,612.0
388.0,612.0
388.0,612.0
388.0,612.0
388.0,612.0
388.0,612.0
388.0,612.0
388.0,612.0
388.0,612.0
388.0,612.0
388.0,612.0
387.0,613.0
384.0,616.0
384.0,616.0
384.0,616.0
384.0,616.0
384.0,616.0
381.0,619.0
374.0,626.0
374.0,626.0
374.0,626.0
374.0,626.0
374.0,626.0
374.0,626.0
374.0,626.0
374.0,626.0
374.0,626.0
374.0,626.0
374.0,626.0
374.0,626.0
374.0,626.0
374.0,626.0
374.0,626.0
373.0,627.0
365.0,635.0
365.0,635.0
365.0,635.0
365.0,635.0
365.0,635.0
365.0,635.0
365.0,635.0
365.0,635.0
365.0,635.0
365.0,635.0
363.0,637.0
363.0,637.0
363.0,637.0
363.0,637.0
363.0,637.0
363.0,637.0
363.0,637.0
362.0,638.0
359.0,641.0
359.0,641.0
359.0,641.0
358.0,642.0
354.0,646.0
354.0,646.0
354.0,646.0
354.0,646.0
354.0,646.0
354.0,646.0
346.0,654.0
345.0,655.0
345.0,655.0
345.0,655.0
345.0,655.0
345.0,655.0
344.0,656.0
342.0,658.0
342.0,658.0
342.0,658.0
340.0,660.0
335.0,665.0
334.0,666.0
334.0,666.0
334.0,666.0
334.0,666.0
334.0,666.0
334.0,666.0
334.0,666.0
334.0,666.0
334.0,666.0
331.0,669.0
330.0,670.0
329.0,671.0
329.0,671.0
329.0,671.0
329.0,671.0
329.0,671.0
329.0,671.0
329.0,671.0
329.0,671.0
329.0,671.0
329.0,671.0
329.0,671.0
329.0,671.0
329.0,671.0
329.0,671.0
329.0,671.0
329.0,671.0
329.0,671.0
329.0,671.0
326.0,674.0
326.0,674.0
326.0,674.0
326.0,674.0
325.0,675.0
323.0,677.0
323.0,677.0
323.0,677.0
323.0,677.0
323.0,677.0
323.0,677.0
323.0,677.0
323.0,677.0
323.0,677.0
323.0,677.0
323.0,677.0
323.0,677.0
323.0,677.0
323.0,677.0
323.0,677.0
323.0,677.0
323.0,677.0
323.0,677.0
323.0,677.0
323.0,677.0
321.0,679.0
320.0,680.0
320.0,680.0
320.0,680.0
318.0,682.0
318.0,682.0
318.0,682.0
318.0,682.0
318.0,682.0
318.0,682.0
318.0,682.0
316.0,684.0
315.0,685.0
315.0,685.0
315.0,685.0
315.0,685.0
315.0,685.0
315.0,685.0
315.0,685.0
315.0,685.0
315.0,685.0
315.0,685.0
315.0,685.0
315.0,685.0
315.0,685.0
311.0,689.0
311.0,689.0
310.0,690.0
310.0,690.0
310.0,690.0
310.0,690.0
310.0,690.0
310.0,690.0
310.0,690.0
310.0,690.0
310.0,690.0
310.0,690.0
310.0,690.0
310.0,690.0
310.0,690.0
310.0,690.0
310.0,690.0
310.0,690.0
310.0,690.0
310.0,690.0
310.0,690.0
310.0,690.0
310.0,690.0
310.0,690.0
310.0,690.0
310.0,690.0
310.0,690.0
310.0,690.0
310.0,690.0
310.0,690.0
310.0,690.0
310.0,690.0
310.0,690.0
310.0,690.0
310.0,690.0
310.0,690.0
310.0,690.0
310.0,690.0
310.0,690.0
310.0,690.0
310.0,690.0
310.0,690.0
310.0,690.0
310.0,690.0
310.0,690.0
309.0,691.0
307.0,693.0
307.0,693.0
307.0,693.0
307.0,693.0
307.0,693.0
307.0,693.0
307.0,693.0
307.0,693.0
307.0,693.0
307.0,693.0
307.0,693.0
307.0,693.0
307.0,693.0
307.0,693.0
307.0,693.0
307.0,693.0
307.0,693.0
307.0,693.0
307.0,693.0
307.0,693.0
306.0,694.0
305.0,695.0
305.0,695.0
305.0,695.0
302.0,698.0
299.0,701.0
299.0,701.0
299.0,701.0
299.0,701.0
299.0,701.0
299.0,701.0
299.0,701.0
299.0,701.0
299.0,701.0
299.0,701.0
299.0,701.0
299.0,701.0
299.0,701.0
299.0,701.0
299.0,701.0
299.0,701.0
299.0,701.0
299.0,701.0
299.0,701.0
299.0,701.0
299.0,701.0
299.0,701.0
299.0,701.0
299.0,701.0
299.0,701.0
299.0,701.0
299.0,701.0
299.0,701.0
299.0,701.0
299.0,701.0
297.0,703.0
297.0,703.0
297.0,703.0
297.0,703.0
297.0,703.0
297.0,703.0
297.0,703.0
297.0,703.0
297.0,703.0
297.0,703.0
297.0,703.0
297.0,703.0
297.0,703.0
297.0,703.0
297.0,703.0
297.0,703.0
297.0,703.0
297.0,703.0
294.0,706.0
294.0,706.0
294.0,706.0
294.0,706.0
294.0,706.0
294.0,706.0
292.0,708.0
292.0,708.0
289.0,711.0
288.0,712.0
288.0,712.0
288.0,712.0
288.0,712.0
288.0,712.0
288.0,712.0
288.0,712.0
288.0,712.0
288.0,712.0
288.0,712.0
288.0,712.0
288.0,712.0
288.0,712.0
288.0,712.0
288.0,712.0
288.0,712.0
288.0,712.0
288.0,712.0
288.0,712.0
288.0,712.0
288.0,712.0
288.0,712.0
288.0,712.0
288.0,712.0
288.0,712.0
288.0,712.0
288.0,712.0
288.0,712.0
288.0,712.0
288.0,712.0
288.0,712.0
288.0,712.0
288.0,712.0
288.0,712.0
288.0,712.0
288.0,712.0
288.0,712.0
288.0,712.0
288.0,712.0
288.0,712.0
288.0,712.0
288.0,712.0
288.0,712.0
288.0,712.0
288.0,712.0
288.0,712.0
288.0,712.0
288.0,712.0
288.0,712.0
288.0,712.0
288.0,712.0
288.0,712.0
288.0,712.0
288.0,712.0
287.0,713.0
286.0,714.0
286.0,714.0
286.0,714.0
286.0,714.0
286.0,714.0
286.0,714.0
286.0,714.0
286.0,714.0
286.0,714.0
286.0,714.0
286.0,714.0
286.0,714.0
286.0,714.0
286.0,714.0
286.0,714.0
286.0,714.0
286.0,714.0
284.0,716.0
284.0,716.0
284.0,716.0
284.0,716.0
280.0,720.0
278.0,722.0
278.0,722.0
278.0,722.0
278.0,722.0
278.0,722.0
278.0,722.0
278.0,722.0
275.0,725.0
274.0,726.0
273.0,727.0
273.0,727.0
271.0,729.0
271.0,729.0
271.0,729.0
271.0,729.0
271.0,729.0
271.0,729.0
271.0,729.0
271.0,729.0
271.0,729.0
271.0,729.0
271.0,729.0
271.0,729.0
271.0,729.0
271.0,729.0
271.0,729.0
271.0,729.0
271.0,729.0
271.0,729.0
271.0,729.0
271.0,729.0
271.0,729.0
271.0,729.0
271.0,729.0
271.0,729.0
271.0,729.0
271.0,729.0
271.0,729.0
271.0,729.0
271.0,729.0
271.0,729.0
271.0,729.0
271.0,729.0
271.0,729.0
271.0,729.0
271.0,729.0
271.0,729.0
271.0,729.0
271.0,729.0
269.0,731.0
268.0,732.0
268.0,732.0
268.0,732.0
268.0,732.0
268.0,732.0
268.0,732.0
268.0,732.0
268.0,732.0
268.0,732.0
268.0,732.0
268.0,732.0
268.0,732.0
268.0,732.0
268.0,732.0
268.0,732.0
266.0,734.0
266.0,734.0
266.0,734.0
266.0,734.0
266.0,734.0
265.0,735.0
265.0,735.0
265.0,735.0
265.0,735.0
265.0,735.0
265.0,735.0
265.0,735.0
265.0,735.0
265.0,735.0
265.0,735.0
265.0,735.0
265.0,735.0
265.0,735.0
265.0,735.0
265.0,735.0
265.0,735.0
265.0,735.0
265.0,735.0
265.0,735.0
265.0,735.0
265.0,735.0
265.0,735.0
265.0,735.0
265.0,735.0
264.0,736.0
264.0,736.0
264.0,736.0
264.0,736.0
264.0,736.0
264.0,736.0
264.0,736.0
264.0,736.0
264.0,736.0
263.0,737.0
262.0,738.0
262.0,738.0
262.0,738.0
262.0,738.0
262.0,738.0
262.0,738.0
262.0,738.0
262.0,738.0
262.0,738.0
259.0,741.0
259.0,741.0
259.0,741.0
259.0,741.0
259.0,741.0
259.0,741.0
259.0,741.0
259.0,741.0
259.0,741.0
259.0,741.0
259.0,741.0
259.0,741.0
259.0,741.0
259.0,741.0
259.0,741.0
259.0,741.0
259.0,741.0
259.0,741.0
257.0,743.0
256.0,744.0
256.0,744.0
256.0,744.0
256.0,744.0
256.0,744.0
256.0,744.0
256.0,744.0
256.0,744.0
256.0,744.0
249.0,751.0
245.0,755.0
243.0,757.0
240.0,760.0
240.0,760.0
239.0,761.0
239.0,761.0
239.0,761.0
239.0,761.0
239.0,761.0
239.0,761.0
239.0,761.0
239.0,761.0
239.0,761.0
239.0,761.0
239.0,761.0
238.0,762.0
238.0,762.0
238.0,762.0
234.0,766.0
233.0,767.0
233.0,767.0
233.0,767.0
233.0,767.0
233.0,767.0
233.0,767.0
233.0,767.0
233.0,767.0
233.0,767.0
233.0,767.0
233.0,767.0
233.0,767.0
233.0,767.0
233.0,767.0
233.0,767.0
233.0,767.0
232.0,768.0
232.0,768.0
232.0,768.0
232.0,768.0
232.0,768.0
231.0,769.0
228.0,772.0
228.0,772.0
228.0,772.0
228.0,772.0
227.0,773.0
227.0,773.0
227.0,773.0
227.0,773.0
227.0,773.0
227.0,773.0
227.0,773.0
227.0,773.0
227.0,773.0
227.0,773.0
227.0,773.0
227.0,773.0
227.0,773.0
227.0,773.0
227.0,773.0
227.0,773.0
227.0,773.0
227.0,773.0
227.0,773.0
225.0,775.0
224.0,776.0
224.0,776.0
224.0,776.0
224.0,776.0
224.0,776.0
224.0,776.0
224.0,776.0
224.0,776.0
223.0,777.0
223.0,777.0
222.0,778.0
221.0,779.0
220.0,780.0
220.0,780.0
220.0,780.0
220.0,780.0
218.0,782.0
218.0,782.0
218.0,782.0
218.0,782.0
218.0,782.0
218.0,782.0
218.0,782.0
218.0,782.0
215.0,785.0
215.0,785.0
215.0,785.0
215.0,785.0
215.0,785.0
215.0,785.0
215.0,785.0
215.0,785.0
215.0,785.0
215.0,785.0
215.0,785.0
215.0,785.0
215.0,785.0
215.0,785.0
215.0,785.0
215.0,785.0
211.0,789.0
210.0,790.0
210.0,790.0
210.0,790.0
210.0,790.0
209.0,791.0
209.0,791.0
209.0,791.0
209.0,791.0
209.0,791.0
209.0,791.0
209.0,791.0
209.0,791.0
209.0,791.0
209.0,791.0
209.0,791.0
209.0,791.0
209.0,791.0
209.0,791.0
209.0,791.0
208.0,792.0
207.0,793.0
206.0,794.0
206.0,794.0
206.0,794.0
206.0,794.0
206.0,794.0
206.0,794.0
206.0,794.0
206.0,794.0
206.0,794.0
205.0,795.0
202.0,798.0
202.0,798.0
202.0,798.0
202.0,798.0
202.0,798.0
199.0,801.0
199.0,801.0
199.0,801.0
199.0,801.0
199.0,801.0
199.0,801.0
199.0,801.0
199.0,801.0
198.0,802.0
198.0,802.0
198.0,802.0
198.0,802.0
198.0,802.0
196.0,804.0
196.0,804.0
196.0,804.0
196.0,804.0
196.0,804.0
196.0,804.0
196.0,804.0
196.0,804.0
196.0,804.0
196.0,804.0
196.0,804.0
196.0,804.0
196.0,804.0
196.0,804.0
196.0,804.0
196.0,804.0
196.0,804.0
196.0,804.0
196.0,804.0
196.0,804.0
196.0,804.0
196.0,804.0
196.0,804.0
196.0,804.0
196.0,804.0
196.0,804.0
196.0,804.0
196.0,804.0
196.0,804.0
196.0,804.0
196.0,804.0
196.0,804.0
196.0,804.0
196.0,804.0
195.0,805.0
195.0,805.0
195.0,805.0
195.0,805.0
195.0,805.0
195.0,805.0
195.0,805.0
195.0,805.0
195.0,805.0
195.0,805.0
195.0,805.0
195.0,805.0
194.0,806.0
194.0,806.0
194.0,806.0
194.0,806.0
194.0,806.0
194.0,806.0
194.0,806.0
194.0,806.0
194.0,806.0
194.0,806.0
194.0,806.0
194.0,806.0
194.0,806.0
194.0,806.0
194.0,806.0
194.0,806.0
192.0,808.0
192.0,808.0
192.0,808.0
192.0,808.0
192.0,808.0
191.0,809.0
191.0,809.0
191.0,809.0
191.0,809.0
191.0,809.0
191.0,809.0
191.0,809.0
191.0,809.0
191.0,809.0
191.0,809.0
191.0,809.0
191.0,809.0
191.0,809.0
191.0,809.0
191.0,809.0
191.0,809.0
191.0,809.0
191.0,809.0
191.0,809.0
191.0,809.0
190.0,810.0
190.0,810.0
190.0,810.0
190.0,810.0
190.0,810.0
190.0,810.0
190.0,810.0
190.0,810.0
190.0,810.0
190.0,810.0
190.0,810.0
190.0,810.0
190.0,810.0
190.0,810.0
190.0,810.0
190.0,810.0
190.0,810.0
190.0,810.0
190.0,810.0
190.0,810.0
190.0,810.0
190.0,810.0
190.0,810.0
190.0,810.0
190.0,810.0
190.0,810.0
190.0,810.0
190.0,810.0
190.0,810.0
190.0,810.0
190.0,810.0
190.0,810.0
190.0,810.0
190.0,810.0
190.0,810.0
190.0,810.0
190.0,810.0
190.0,810.0
189.0,811.0
189.0,811.0
189.0,811.0
189.0,811.0
189.0,811.0
189.0,811.0
184.0,816.0
183.0,817.0
183.0,817.0
183.0,817.0
183.0,817.0
183.0,817.0
183.0,817.0
183.0,817.0
183.0,817.0
183.0,817.0
183.0,817.0
183.0,817.0
183.0,817.0
183.0,817.0
183.0,817.0
183.0,817.0
183.0,817.0
183.0,817.0
183.0,817.0
183.0,817.0
183.0,817.0
183.0,817.0
183.0,817.0
183.0,817.0
183.0,817.0
183.0,817.0
183.0,817.0
183.0,817.0
183.0,817.0
183.0,817.0
183.0,817.0
183.0,817.0
183.0,817.0
183.0,817.0
183.0,817.0
183.0,817.0
183.0,817.0
183.0,817.0
183.0,817.0
183.0,817.0
183.0,817.0
183.0,817.0
183.0,817.0
183.0,817.0
183.0,817.0
182.0,818.0
180.0,820.0
180.0,820.0
180.0,820.0
180.0,820.0
180.0,820.0
180.0,820.0
180.0,820.0
180.0,820.0
180.0,820.0
180.0,820.0
180.0,820.0
180.0,820.0
180.0,820.0
180.0,820.0
180.0,820.0
180.0,820.0
180.0,820.0
180.0,820.0
180.0,820.0
180.0,820.0
180.0,820.0
180.0,820.0
180.0,820.0
180.0,820.0
180.0,820.0
180.0,820.0
180.0,820.0
180.0,820.0
180.0,820.0
180.0,820.0
180.0,820.0
180.0,820.0
180.0,820.0
180.0,820.0
180.0,820.0
180.0,820.0
180.0,820.0
180.0,820.0
180.0,820.0
180.0,820.0
180.0,820.0
180.0,820.0
180.0,820.0
180.0,820.0
180.0,820.0
180.0,820.0
180.0,820.0
180.0,820.0
180.0,820.0
180.0,820.0
180.0,820.0
180.0,820.0
177.0,823.0
176.0,824.0
176.0,824.0
176.0,824.0
176.0,824.0
176.0,824.0
176.0,824.0
176.0,824.0
176.0,824.0
176.0,824.0
176.0,824.0
176.0,824.0
176.0,824.0
175.0,825.0
175.0,825.0
175.0,825.0
175.0,825.0
175.0,825.0
175.0,825.0
175.0,825.0
175.0,825.0
175.0,825.0
175.0,825.0
175.0,825.0
175.0,825.0
175.0,825.0
175.0,825.0
175.0,825.0
175.0,825.0
175.0,825.0
175.0,825.0
175.0,825.0
175.0,825.0
175.0,825.0
175.0,825.0
175.0,825.0
175.0,825.0
175.0,825.0
175.0,825.0
175.0,825.0
175.0,825.0
175.0,825.0
175.0,825.0
175.0,825.0
173.0,827.0
171.0,829.0
171.0,829.0
171.0,829.0
171.0,829.0
171.0,829.0
171.0,829.0
171.0,829.0
171.0,829.0
170.0,830.0
170.0,830.0
170.0,830.0
168.0,832.0
168.0,832.0
168.0,832.0
168.0,832.0
168.0,832.0
168.0,832.0
168.0,832.0
168.0,832.0
168.0,832.0
168.0,832.0
168.0,832.0
168.0,832.0
168.0,832.0
168.0,832.0
168.0,832.0
168.0,832.0
168.0,832.0
168.0,832.0
168.0,832.0
168.0,832.0
168.0,832.0
168.0,832.0
168.0,832.0
168.0,832.0
168.0,832.0
168.0,832.0
168.0,832.0
168.0,832.0
167.0,833.0
167.0,833.0
167.0,833.0
167.0,833.0
167.0,833.0
167.0,833.0
167.0,833.0
167.0,833.0
167.0,833.0
167.0,833.0
167.0,833.0
167.0,833.0
167.0,833.0
167.0,833.0
167.0,833.0
167.0,833.0
167.0,833.0
167.0,833.0
167.0,833.0
167.0,833.0
167.0,833.0
167.0,833.0
167.0,833.0
167.0,833.0
167.0,833.0
167.0,833.0
167.0,833.0
167.0,833.0
164.0,836.0
162.0,838.0
162.0,838.0
162.0,838.0
162.0,838.0
162.0,838.0
162.0,838.0
160.0,840.0
160.0,840.0
160.0,840.0
160.0,840.0
158.0,842.0
157.0,843.0
156.0,844.0
156.0,844.0
156.0,844.0
156.0,844.0
156.0,844.0
156.0,844.0
156.0,844.0
156.0,844.0
156.0,844.0
156.0,844.0
156.0,844.0
156.0,844.0
156.0,844.0
156.0,844.0
156.0,844.0
156.0,844.0
156.0,844.0
156.0,844.0
156.0,844.0
156.0,844.0
156.0,844.0
156.0,844.0
156.0,844.0
156.0,844.0
156.0,844.0
156.0,844.0
156.0,844.0
156.0,844.0
156.0,844.0
156.0,844.0
156.0,844.0
156.0,844.0
156.0,844.0
156.0,844.0
156.0,844.0
156.0,844.0
156.0,844.0
156.0,844.0
156.0,844.0
156.0,844.0
156.0,844.0
156.0,844.0
156.0,844.0
156.0,844.0
156.0,844.0
156.0,844.0
156.0,844.0
156.0,844.0
156.0,844.0
156.0,844.0
156.0,844.0
156.0,844.0
156.0,844.0
156.0,844.0
156.0,844.0
156.0,844.0
156.0,844.0
156.0,844.0
156.0,844.0
156.0,844.0
156.0,844.0
156.0,844.0
156.0,844.0
156.0,844.0
156.0,844.0
156.0,844.0
156.0,844.0
156.0,844.0
156.0,844.0
156.0,844.0
156.0,844.0
156.0,844.0
156.0,844.0
156.0,844.0
156.0,844.0
156.0,844.0
156.0,844.0
156.0,844.0
156.0,844.0
156.0,844.0
156.0,844.0
156.0,844.0
156.0,844.0
156.0,844.0
156.0,844.0
156.0,844.0
156.0,844.0
156.0,844.0
156.0,844.0
156.0,844.0
156.0,844.0
156.0,844.0
156.0,844.0
156.0,844.0
156.0,844.0
156.0,844.0
156.0,844.0
156.0,844.0
156.0,844.0
156.0,844.0
156.0,844.0
156.0,844.0
156.0,844.0
156.0,844.0
156.0,844.0
156.0,844.0
156.0,844.0
155.0,845.0
155.0,845.0
155.0,845.0
155.0,845.0
155.0,845.0
155.0,845.0
155.0,845.0
155.0,845.0
155.0,845.0
155.0,845.0
155.0,845.0
155.0,845.0
155.0,845.0
155.0,845.0
155.0,845.0
155.0,845.0
155.0,845.0
155.0,845.0
155.0,845.0
155.0,845.0
155.0,845.0
155.0,845.0
155.0,845.0
155.0,845.0
155.0,845.0
155.0,845.0
155.0,845.0
155.0,845.0
155.0,845.0
155.0,845.0
155.0,845.0
155.0,845.0
155.0,845.0
155.0,845.0
155.0,845.0
155.0,845.0
155.0,845.0
155.0,845.0
155.0,845.0
155.0,845.0
155.0,845.0
155.0,845.0
155.0,845.0
155.0,845.0
155.0,845.0
155.0,845.0
155.0,845.0
155.0,845.0
155.0,845.0
155.0,845.0
155.0,845.0
155.0,845.0
155.0,845.0
155.0,845.0
155.0,845.0
155.0,845.0
155.0,845.0
155.0,845.0
155.0,845.0
152.0,848.0
151.0,849.0
150.0,850.0
150.0,850.0
150.0,850.0
150.0,850.0
150.0,850.0
150.0,850.0
150.0,850.0
150.0,850.0
150.0,850.0
150.0,850.0
150.0,850.0
148.0,852.0
148.0,852.0
148.0,852.0
148.0,852.0
147.0,853.0
145.0,855.0
145.0,855.0
145.0,855.0
145.0,855.0
145.0,855.0
145.0,855.0
145.0,855.0
145.0,855.0
145.0,855.0
145.0,855.0
144.0,856.0
144.0,856.0
144.0,856.0
144.0,856.0
144.0,856.0
144.0,856.0
144.0,856.0
143.0,857.0
140.0,860.0
140.0,860.0
140.0,860.0
140.0,860.0
140.0,860.0
140.0,860.0
140.0,860.0
140.0,860.0
140.0,860.0
140.0,860.0
140.0,860.0
140.0,860.0
140.0,860.0
140.0,860.0
140.0,860.0
140.0,860.0
140.0,860.0
140.0,860.0
140.0,860.0
140.0,860.0
140.0,860.0
140.0,860.0
140.0,860.0
140.0,860.0
140.0,860.0
140.0,860.0
140.0,860.0
140.0,860.0
140.0,860.0
140.0,860.0
140.0,860.0
140.0,860.0
140.0,860.0
140.0,860.0
140.0,860.0
140.0,860.0
140.0,860.0
140.0,860.0
140.0,860.0
140.0,860.0
140.0,860.0
140.0,860.0
140.0,860.0
140.0,860.0
140.0,860.0
140.0,860.0
140.0,860.0
140.0,860.0
140.0,860.0
140.0,860.0
140.0,860.0
140.0,860.0
140.0,860.0
140.0,860.0
140.0,860.0
140.0,860.0
140.0,860.0
140.0,860.0
140.0,860.0
140.0,860.0
140.0,860.0
140.0,860.0
140.0,860.0
140.0,860.0
140.0,860.0
140.0,860.0
140.0,860.0
140.0,860.0
140.0,860.0
140.0,860.0
140.0,860.0
140.0,860.0
140.0,860.0
140.0,860.0
140.0,860.0
140.0,860.0
140.0,860.0
140.0,860.0
140.0,860.0
140.0,860.0
140.0,860.0
140.0,860.0
140.0,860.0
140.0,860.0
140.0,860.0
140.0,860.0
140.0,860.0
140.0,860.0
140.0,860.0
140.0,860.0
140.0,860.0
140.0,860.0
139.0,861.0
139.0,861.0
139.0,861.0
139.0,861.0
139.0,861.0
139.0,861.0
139.0,861.0
139.0,861.0
139.0,861.0
139.0,861.0
139.0,861.0
139.0,861.0
139.0,861.0
139.0,861.0
139.0,861.0
139.0,861.0
139.0,861.0
139.0,861.0
139.0,861.0
139.0,861.0
139.0,861.0
139.0,861.0
139.0,861.0
139.0,861.0
139.0,861.0
139.0,861.0
139.0,861.0
139.0,861.0
139.0,861.0
139.0,861.0
139.0,861.0
139.0,861.0
139.0,861.0
139.0,861.0
139.0,861.0
139.0,861.0
139.0,861.0
139.0,861.0
138.0,862.0
136.0,864.0
136.0,864.0
136.0,864.0
136.0,864.0
136.0,864.0
136.0,864.0
136.0,864.0
136.0,864.0
136.0,864.0
136.0,864.0
136.0,864.0
136.0,864.0
136.0,864.0
136.0,864.0
136.0,864.0
136.0,864.0
136.0,864.0
136.0,864.0
136.0,864.0
136.0,864.0
136.0,864.0
136.0,864.0
135.0,865.0
135.0,865.0
135.0,865.0
135.0,865.0
134.0,866.0
134.0,866.0
134.0,866.0
134.0,866.0
134.0,866.0
134.0,866.0
134.0,866.0
134.0,866.0
134.0,866.0
134.0,866.0
133.0,867.0
129.0,871.0
128.0,872.0
128.0,872.0
128.0,872.0
128.0,872.0
128.0,872.0
127.0,873.0
127.0,873.0
127.0,873.0
127.0,873.0
127.0,873.0
127.0,873.0
127.0,873.0
127.0,873.0
127.0,873.0
127.0,873.0
127.0,873.0
127.0,873.0
127.0,873.0
127.0,873.0
127.0,873.0
127.0,873.0
127.0,873.0
127.0,873.0
126.0,874.0
122.0,878.0
122.0,878.0
122.0,878.0
122.0,878.0
121.0,879.0
121.0,879.0
121.0,879.0
121.0,879.0
121.0,879.0
121.0,879.0
121.0,879.0
121.0,879.0
121.0,879.0
121.0,879.0
121.0,879.0
121.0,879.0
121.0,879.0
121.0,879.0
121.0,879.0
121.0,879.0
121.0,879.0
121.0,879.0
121.0,879.0
121.0,879.0
121.0,879.0
121.0,879.0
120.0,880.0
119.0,881.0
119.0,881.0
119.0,881.0
119.0,881.0
119.0,881.0
119.0,881.0
119.0,881.0
119.0,881.0
119.0,881.0
119.0,881.0
119.0,881.0
119.0,881.0
119.0,881.0
119.0,881.0
119.0,881.0
119.0,881.0
119.0,881.0
119.0,881.0
119.0,881.0
119.0,881.0
119.0,881.0
119.0,881.0
119.0,881.0
119.0,881.0
119.0,881.0
119.0,881.0
119.0,881.0
119.0,881.0
119.0,881.0
119.0,881.0
119.0,881.0
119.0,881.0
119.0,881.0
119.0,881.0
119.0,881.0
118.0,882.0
118.0,882.0
118.0,882.0
118.0,882.0
118.0,882.0
117.0,883.0
117.0,883.0
117.0,883.0
117.0,883.0
115.0,885.0
115.0,885.0
115.0,885.0
115.0,885.0
115.0,885.0
115.0,885.0
115.0,885.0
115.0,885.0
115.0,885.0
115.0,885.0
115.0,885.0
115.0,885.0
115.0,885.0
115.0,885.0
115.0,885.0
115.0,885.0
115.0,885.0
115.0,885.0
115.0,885.0
115.0,885.0
115.0,885.0
115.0,885.0
115.0,885.0
115.0,885.0
115.0,885.0
115.0,885.0
115.0,885.0
115.0,885.0
115.0,885.0
115.0,885.0
115.0,885.0
115.0,885.0
115.0,885.0
115.0,885.0
115.0,885.0
115.0,885.0
115.0,885.0
115.0,885.0
115.0,885.0
115.0,885.0
115.0,885.0
115.0,885.0
115.0,885.0
115.0,885.0
115.0,885.0
115.0,885.0
115.0,885.0
115.0,885.0
115.0,885.0
115.0,885.0
115.0,885.0
115.0,885.0
115.0,885.0
115.0,885.0
115.0,885.0
115.0,885.0
115.0,885.0
115.0,885.0
115.0,885.0
115.0,885.0
115.0,885.0
114.0,886.0
113.0,887.0
113.0,887.0
113.0,887.0
113.0,887.0
113.0,887.0
113.0,887.0
113.0,887.0
113.0,887.0
113.0,887.0
110.0,890.0
107.0,893.0
107.0,893.0
107.0,893.0
107.0,893.0
107.0,893.0
107.0,893.0
106.0,894.0
104.0,896.0
104.0,896.0
104.0,896.0
104.0,896.0
104.0,896.0
104.0,896.0
104.0,896.0
104.0,896.0
104.0,896.0
104.0,896.0
104.0,896.0
104.0,896.0
104.0,896.0
104.0,896.0
104.0,896.0
104.0,896.0
104.0,896.0
104.0,896.0
104.0,896.0
104.0,896.0
104.0,896.0
104.0,896.0
104.0,896.0
104.0,896.0
104.0,896.0
104.0,896.0
104.0,896.0
103.0,897.0
103.0,897.0
103.0,897.0
103.0,897.0
103.0,897.0
103.0,897.0
103.0,897.0
103.0,897.0
103.0,897.0
103.0,897.0
103.0,897.0
103.0,897.0
103.0,897.0
103.0,897.0
103.0,897.0
103.0,897.0
103.0,897.0
103.0,897.0
103.0,897.0
103.0,897.0
103.0,897.0
102.0,898.0
102.0,898.0
102.0,898.0
102.0,898.0
102.0,898.0
101.0,899.0
101.0,899.0
101.0,899.0
101.0,899.0
101.0,899.0
101.0,899.0
101.0,899.0
101.0,899.0
101.0,899.0
101.0,899.0
101.0,899.0
101.0,899.0
101.0,899.0
101.0,899.0
101.0,899.0
101.0,899.0
101.0,899.0
101.0,899.0
101.0,899.0
101.0,899.0
101.0,899.0
101.0,899.0
101.0,899.0
101.0,899.0
101.0,899.0
101.0,899.0
101.0,899.0
101.0,899.0
98.0,902.0
98.0,902.0
97.0,903.0
97.0,903.0
97.0,903.0
97.0,903.0
95.0,905.0
95.0,905.0
95.0,905.0
95.0,905.0
95.0,905.0
95.0,905.0
95.0,905.0
95.0,905.0
95.0,905.0
95.0,905.0
95.0,905.0
95.0,905.0
95.0,905.0
95.0,905.0
94.0,906.0
94.0,906.0
94.0,906.0
94.0,906.0
94.0,906.0
94.0,906.0
94.0,906.0
93.0,907.0
93.0,907.0
93.0,907.0
93.0,907.0
93.0,907.0
93.0,907.0
93.0,907.0
93.0,907.0
93.0,907.0
93.0,907.0
93.0,907.0
93.0,907.0
93.0,907.0
93.0,907.0
93.0,907.0
91.0,909.0
91.0,909.0
91.0,909.0
91.0,909.0
91.0,909.0
91.0,909.0
91.0,909.0
91.0,909.0
91.0,909.0
91.0,909.0
91.0,909.0
91.0,909.0
91.0,909.0
91.0,909.0
91.0,909.0
91.0,909.0
91.0,909.0
91.0,909.0
91.0,909.0
91.0,909.0
91.0,909.0
91.0,909.0
91.0,909.0
91.0,909.0
91.0,909.0
91.0,909.0
91.0,909.0
91.0,909.0
91.0,909.0
91.0,909.0
91.0,909.0
91.0,909.0
91.0,909.0
91.0,909.0
91.0,909.0
91.0,909.0
91.0,909.0
91.0,909.0
91.0,909.0
91.0,909.0
91.0,909.0
91.0,909.0
91.0,909.0
91.0,909.0
91.0,909.0
91.0,909.0
91.0,909.0
91.0,909.0
91.0,909.0
91.0,909.0
91.0,909.0
91.0,909.0
91.0,909.0
91.0,909.0
91.0,909.0
91.0,909.0
91.0,909.0
91.0,909.0
91.0,909.0
91.0,909.0
91.0,909.0
91.0,909.0
91.0,909.0
91.0,909.0
91.0,909.0
91.0,909.0
91.0,909.0
91.0,909.0
91.0,909.0
91.0,909.0
91.0,909.0
91.0,909.0
91.0,909.0
91.0,909.0
91.0,909.0
91.0,909.0
91.0,909.0
91.0,909.0
91.0,909.0
91.0,909.0
91.0,909.0
91.0,909.0
91.0,909.0
91.0,909.0
91.0,909.0
91.0,909.0
91.0,909.0
91.0,909.0
90.0,910.0
90.0,910.0
90.0,910.0
90.0,910.0
90.0,910.0
90.0,910.0
90.0,910.0
90.0,910.0
90.0,910.0
90.0,910.0
90.0,910.0
90.0,910.0
90.0,910.0
90.0,910.0
89.0,911.0
89.0,911.0
89.0,911.0
89.0,911.0
89.0,911.0
89.0,911.0
89.0,911.0
89.0,911.0
89.0,911.0
89.0,911.0
89.0,911.0
89.0,911.0
89.0,911.0
89.0,911.0
89.0,911.0
89.0,911.0
89.0,911.0
89.0,911.0
89.0,911.0
89.0,911.0
89.0,911.0
89.0,911.0
89.0,911.0
89.0,911.0
89.0,911.0
89.0,911.0
89.0,911.0
89.0,911.0
89.0,911.0
89.0,911.0
89.0,911.0
89.0,911.0
89.0,911.0
89.0,911.0
89.0,911.0
89.0,911.0
89.0,911.0
89.0,911.0
89.0,911.0
89.0,911.0
89.0,911.0
89.0,911.0
89.0,911.0
89.0,911.0
89.0,911.0
89.0,911.0
89.0,911.0
89.0,911.0
89.0,911.0
89.0,911.0
89.0,911.0
89.0,911.0
89.0,911.0
89.0,911.0
89.0,911.0
89.0,911.0
89.0,911.0
89.0,911.0
89.0,911.0
89.0,911.0
89.0,911.0
89.0,911.0
89.0,911.0
89.0,911.0
89.0,911.0
89.0,911.0
89.0,911.0
89.0,911.0
89.0,911.0
89.0,911.0
89.0,911.0
89.0,911.0
89.0,911.0
89.0,911.0
89.0,911.0
89.0,911.0
89.0,911.0
89.0,911.0
89.0,911.0
89.0,911.0
89.0,911.0
89.0,911.0
89.0,911.0
89.0,911.0
89.0,911.0
89.0,911.0
89.0,911.0
89.0,911.0
89.0,911.0
89.0,911.0
87.0,913.0
87.0,913.0
86.0,914.0
86.0,914.0
86.0,914.0
86.0,914.0
86.0,914.0
86.0,914.0
86.0,914.0
86.0,914.0
86.0,914.0
86.0,914.0
86.0,914.0
86.0,914.0
86.0,914.0
86.0,914.0
86.0,914.0
86.0,914.0
86.0,914.0
86.0,914.0
86.0,914.0
86.0,914.0
86.0,914.0
86.0,914.0
85.0,915.0
85.0,915.0
85.0,915.0
85.0,915.0
85.0,915.0
85.0,915.0
85.0,915.0
85.0,915.0
85.0,915.0
85.0,915.0
85.0,915.0
85.0,915.0
85.0,915.0
85.0,915.0
85.0,915.0
85.0,915.0
85.0,915.0
85.0,915.0
85.0,915.0
85.0,915.0
85.0,915.0
85.0,915.0
85.0,915.0
85.0,915.0
85.0,915.0
85.0,915.0
85.0,915.0
85.0,915.0
85.0,915.0
85.0,915.0
85.0,915.0
85.0,915.0
85.0,915.0
85.0,915.0
85.0,915.0
85.0,915.0
85.0,915.0
85.0,915.0
85.0,915.0
85.0,915.0
85.0,915.0
85.0,915.0
85.0,915.0
85.0,915.0
84.0,916.0
83.0,917.0
83.0,917.0
83.0,917.0
83.0,917.0
83.0,917.0
83.0,917.0
83.0,917.0
83.0,917.0
83.0,917.0
83.0,917.0
83.0,917.0
83.0,917.0
83.0,917.0
83.0,917.0
83.0,917.0
83.0,917.0
83.0,917.0
83.0,917.0
83.0,917.0
83.0,917.0
83.0,917.0
83.0,917.0
82.0,918.0
82.0,918.0
82.0,918.0
82.0,918.0
82.0,918.0
82.0,918.0
82.0,918.0
82.0,918.0
82.0,918.0
82.0,918.0
81.0,919.0
81.0,919.0
81.0,919.0
81.0,919.0
80.0,920.0
80.0,920.0
80.0,920.0
80.0,920.0
80.0,920.0
80.0,920.0
80.0,920.0
80.0,920.0
80.0,920.0
80.0,920.0
80.0,920.0
80.0,920.0
80.0,920.0
77.0,923.0
77.0,923.0
77.0,923.0
77.0,923.0
77.0,923.0
77.0,923.0
77.0,923.0
76.0,924.0
76.0,924.0
76.0,924.0
75.0,925.0
75.0,925.0
75.0,925.0
75.0,925.0
75.0,925.0
75.0,925.0
75.0,925.0
75.0,925.0
75.0,925.0
75.0,925.0
75.0,925.0
75.0,925.0
75.0,925.0
75.0,925.0
75.0,925.0
75.0,925.0
75.0,925.0
75.0,925.0
75.0,925.0
75.0,925.0
75.0,925.0
75.0,925.0
75.0,925.0
75.0,925.0
75.0,925.0
75.0,925.0
75.0,925.0
75.0,925.0
75.0,925.0
75.0,925.0
75.0,925.0
75.0,925.0
75.0,925.0
75.0,925.0
75.0,925.0
75.0,925.0
75.0,925.0
75.0,925.0
75.0,925.0
75.0,925.0
75.0,925.0
75.0,925.0
75.0,925.0
75.0,925.0
74.0,926.0
73.0,927.0
72.0,928.0
72.0,928.0
72.0,928.0
72.0,928.0
72.0,928.0
72.0,928.0
72.0,928.0
72.0,928.0
72.0,928.0
72.0,928.0
72.0,928.0
72.0,928.0
71.0,929.0
70.0,930.0
70.0,930.0
70.0,930.0
70.0,930.0
70.0,930.0
70.0,930.0
70.0,930.0
70.0,930.0
70.0,930.0
70.0,930.0
70.0,930.0
70.0,930.0
70.0,930.0
70.0,930.0
70.0,930.0
70.0,930.0
70.0,930.0
70.0,930.0
70.0,930.0
70.0,930.0
70.0,930.0
70.0,930.0
70.0,930.0
70.0,930.0
70.0,930.0
70.0,930.0
70.0,930.0
70.0,930.0
70.0,930.0
70.0,930.0
70.0,930.0
70.0,930.0
70.0,930.0
70.0,930.0
70.0,930.0
70.0,930.0
70.0,930.0
70.0,930.0
70.0,930.0
70.0,930.0
70.0,930.0
70.0,930.0
70.0,930.0
70.0,930.0
70.0,930.0
70.0,930.0
70.0,930.0
70.0,930.0
69.0,931.0
69.0,931.0
69.0,931.0
69.0,931.0
69.0,931.0
69.0,931.0
69.0,931.0
69.0,931.0
69.0,931.0
69.0,931.0
69.0,931.0
69.0,931.0
69.0,931.0
69.0,931.0
69.0,931.0
69.0,931.0
69.0,931.0
69.0,931.0
69.0,931.0
69.0,931.0
69.0,931.0
69.0,931.0
69.0,931.0
69.0,931.0
69.0,931.0
69.0,931.0
69.0,931.0
69.0,931.0
69.0,931.0
69.0,931.0
69.0,931.0
69.0,931.0
69.0,931.0
69.0,931.0
69.0,931.0
69.0,931.0
69.0,931.0
69.0,931.0
69.0,931.0
69.0,931.0
69.0,931.0
69.0,931.0
68.0,932.0
68.0,932.0
68.0,932.0
68.0,932.0
68.0,932.0
68.0,932.0
67.0,933.0
67.0,933.0
67.0,933.0
67.0,933.0
67.0,933.0
67.0,933.0
67.0,933.0
67.0,933.0
67.0,933.0
67.0,933.0
67.0,933.0
67.0,933.0
67.0,933.0
67.0,933.0
67.0,933.0
67.0,933.0
66.0,934.0
66.0,934.0
66.0,934.0
66.0,934.0
66.0,934.0
66.0,934.0
66.0,934.0
66.0,934.0
66.0,934.0
66.0,934.0
66.0,934.0
66.0,934.0
66.0,934.0
66.0,934.0
66.0,934.0
66.0,934.0
66.0,934.0
66.0,934.0
66.0,934.0
66.0,934.0
66.0,934.0
66.0,934.0
66.0,934.0
66.0,934.0
66.0,934.0
66.0,934.0
66.0,934.0
66.0,934.0
66.0,934.0
66.0,934.0
66.0,934.0
66.0,934.0
66.0,934.0
66.0,934.0
66.0,934.0
66.0,934.0
66.0,934.0
66.0,934.0
66.0,934.0
66.0,934.0
66.0,934.0
66.0,934.0
66.0,934.0
66.0,934.0
64.0,936.0
64.0,936.0
64.0,936.0
64.0,936.0
64.0,936.0
64.0,936.0
64.0,936.0
64.0,936.0
64.0,936.0
64.0,936.0
64.0,936.0
64.0,936.0
64.0,936.0
64.0,936.0
64.0,936.0
64.0,936.0
64.0,936.0
64.0,936.0
64.0,936.0
64.0,936.0
64.0,936.0
64.0,936.0
64.0,936.0
64.0,936.0
64.0,936.0
64.0,936.0
64.0,936.0
64.0,936.0
64.0,936.0
64.0,936.0
64.0,936.0
64.0,936.0
64.0,936.0
64.0,936.0
64.0,936.0
64.0,936.0
64.0,936.0
64.0,936.0
64.0,936.0
64.0,936.0
64.0,936.0
64.0,936.0
64.0,936.0
64.0,936.0
64.0,936.0
64.0,936.0
64.0,936.0
64.0,936.0
64.0,936.0
64.0,936.0
62.0,938.0
61.0,939.0
61.0,939.0
61.0,939.0
61.0,939.0
61.0,939.0
61.0,939.0
61.0,939.0
61.0,939.0
61.0,939.0
61.0,939.0
61.0,939.0
61.0,939.0
61.0,939.0
61.0,939.0
61.0,939.0
61.0,939.0
61.0,939.0
61.0,939.0
61.0,939.0
61.0,939.0
61.0,939.0
61.0,939.0
61.0,939.0
61.0,939.0
60.0,940.0
60.0,940.0
60.0,940.0
60.0,940.0
60.0,940.0
60.0,940.0
60.0,940.0
60.0,940.0
60.0,940.0
60.0,940.0
60.0,940.0
60.0,940.0
60.0,940.0
59.0,941.0
59.0,941.0
59.0,941.0
59.0,941.0
59.0,941.0
59.0,941.0
59.0,941.0
59.0,941.0
59.0,941.0
59.0,941.0
59.0,941.0
59.0,941.0
59.0,941.0
59.0,941.0
57.0,943.0
54.0,946.0
54.0,946.0
54.0,946.0
54.0,946.0
54.0,946.0
54.0,946.0
54.0,946.0
54.0,946.0
54.0,946.0
54.0,946.0
54.0,946.0
54.0,946.0
54.0,946.0
54.0,946.0
54.0,946.0
53.0,947.0
53.0,947.0
53.0,947.0
53.0,947.0
53.0,947.0
53.0,947.0
53.0,947.0
53.0,947.0
53.0,947.0
53.0,947.0
53.0,947.0
53.0,947.0
51.0,949.0
47.0,953.0
47.0,953.0
47.0,953.0
47.0,953.0
47.0,953.0
47.0,953.0
47.0,953.0
47.0,953.0
47.0,953.0
47.0,953.0
47.0,953.0
47.0,953.0
47.0,953.0
47.0,953.0
47.0,953.0
47.0,953.0
45.0,955.0
45.0,955.0
45.0,955.0
45.0,955.0
45.0,955.0
45.0,955.0
45.0,955.0
45.0,955.0
45.0,955.0
45.0,955.0
45.0,955.0
45.0,955.0
