"Susceptible","Infected"
1000.0,0.0
995.0,5.0
995.0,5.0
995.0,5.0
995.0,5.0
995.0,5.0
995.0,5.0
995.0,5.0
995.0,5.0
995.0,5.0
995.0,5.0
995.0,5.0
995.0,5.0
995.0,5.0
995.0,5.0
995.0,5.0
995.0,5.0
994.0,6.0
994.0,6.0
991.0,9.0
988.0,12.0
988.0,12.0
983.0,17.0
980.0,20.0
976.0,24.0
973.0,27.0
969.0,31.0
964.0,36.0
962.0,38.0
958.0,42.0
951.0,49.0
951.0,49.0
947.0,53.0
940.0,60.0
937.0,63.0
931.0,69.0
927.0,73.0
927.0,73.0
924.0,76.0
920.0,80.0
917.0,83.0
913.0,87.0
911.0,89.0
908.0,92.0
907.0,93.0
907.0,93.0
907.0,93.0
906.0,94.0
906.0,94.0
906.0,94.0
906.0,94.0
905.0,95.0
905.0,95.0
905.0,95.0
905.0,95.0
905.0,95.0
905.0,95.0
905.0,95.0
905.0,95.0
905.0,95.0
905.0,95.0
905.0,95.0
905.0,95.0
905.0,95.0
905.0,95.0
905.0,95.0
905.0,95.0
905.0,95.0
905.0,95.0
905.0,95.0
905.0,95.0
905.0,95.0
905.0,95.0
905.0,95.0
905.0,95.0
905.0,95.0
905.0,95.0
905.0,95.0
905.0,95.0
905.0,95.0
905.0,95.0
905.0,95.0
905.0,95.0
905.0,95.0
905.0,95.0
905.0,95.0
905.0,95.0
905.0,95.0
905.0,95.0
905.0,95.0
905.0,95.0
905.0,95.0
905.0,95.0
905.0,95.0
905.0,95.0
905.0,95.0
905.0,95.0
905.0,95.0
905.0,95.0
905.0,95.0
905.0,95.0
905.0,95.0
905.0,95.0
905.0,95.0
905.0,95.0
905.0,95.0
905.0,95.0
905.0,95.0
905.0,95.0
905.0,95.0
905.0,95.0
905.0,95.0
905.0,95.0
905.0,95.0
905.0,95.0
905.0,95.0
905.0,95.0
905.0,95.0
905.0,95.0
905.0,95.0
905.0,95.0
905.0,95.0
905.0,95.0
905.0,95.0
905.0,95.0
905.0,95.0
905.0,95.0
905.0,95.0
905.0,95.0
905.0,95.0
905.0,95.0
905.0,95.0
905.0,95.0
905.0,95.0
905.0,95.0
905.0,95.0
905.0,95.0
905.0,95.0
905.0,95.0
905.0,95.0
905.0,95.0
905.0,95.0
905.0,95.0
905.0,95.0
905.0,95.0
905.0,95.0
905.0,95.0
905.0,95.0
905.0,95.0
905.0,95.0
905.0,95.0
905.0,95.0
905.0,95.0
905.0,95.0
905.0,95.0
905.0,95.0
905.0,95.0
905.0,95.0
905.0,95.0
905.0,95.0
905.0,95.0
905.0,95.0
905.0,95.0
905.0,95.0
905.0,95.0
905.0,95.0
905.0,95.0
905.0,95.0
905.0,95.0
905.0,95.0
905.0,95.0
905.0,95.0
905.0,95.0
905.0,95.0
905.0,95.0
905.0,95.0
905.0,95.0
905.0,95.0
905.0,95.0
905.0,95.0
905.0,95.0
905.0,95.0
905.0,95.0
905.0,95.0
905.0,95.0
905.0,95.0
905.0,95.0
905.0,95.0
905.0,95.0
905.0,95.0
905.0,95.0
905.0,95.0
905.0,95.0
905.0,95.0
905.0,95.0
905.0,95.0
905.0,95.0
905.0,95.0
905.0,95.0
905.0,95.0
905.0,95.0
905.0,95.0
905.0,95.0
905.0,95.0
905.0,95.0
905.0,95.0
905.0,95.0
905.0,95.0
905.0,95.0
905.0,95.0
905.0,95.0
905.0,95.0
905.0,95.0
905.0,95.0
905.0,95.0
905.0,95.0
905.0,95.0
905.0,95.0
905.0,95.0
905.0,95.0
905.0,95.0
905.0,95.0
905.0,95.0
905.0,95.0
904.0,96.0
904.0,96.0
904.0,96.0
904.0,96.0
904.0,96.0
904.0,96.0
904.0,96.0
904.0,96.0
904.0,96.0
904.0,96.0
904.0,96.0
904.0,96.0
904.0,96.0
904.0,96.0
904.0,96.0
904.0,96.0
904.0,96.0
904.0,96.0
904.0,96.0
903.0,97.0
903.0,97.0
903.0,97.0
903.0,97.0
902.0,98.0
902.0,98.0
902.0,98.0
902.0,98.0
902.0,98.0
902.0,98.0
902.0,98.0
902.0,98.0
901.0,99.0
901.0,99.0
901.0,99.0
901.0,99.0
901.0,99.0
900.0,100.0
899.0,101.0
899.0,101.0
898.0,102.0
898.0,102.0
897.0,103.0
895.0,105.0
895.0,105.0
895.0,105.0
895.0,105.0
895.0,105.0
895.0,105.0
894.0,106.0
894.0,106.0
894.0,106.0
894.0,106.0
894.0,106.0
894.0,106.0
893.0,107.0
892.0,108.0
891.0,109.0
891.0,109.0
891.0,109.0
890.0,110.0
889.0,111.0
889.0,111.0
889.0,111.0
889.0,111.0
888.0,112.0
887.0,113.0
887.0,113.0
887.0,113.0
887.0,113.0
887.0,113.0
887.0,113.0
887.0,113.0
887.0,113.0
886.0,114.0
885.0,115.0
884.0,116.0
883.0,117.0
883.0,117.0
883.0,117.0
881.0,119.0
881.0,119.0
881.0,119.0
881.0,119.0
880.0,120.0
880.0,120.0
880.0,120.0
879.0,121.0
879.0,121.0
879.0,121.0
878.0,122.0
878.0,122.0
878.0,122.0
877.0,123.0
877.0,123.0
877.0,123.0
877.0,123.0
